0.026811
0.007342
0.000432
0.000464
0.000539
0.000488
0.000413
0.000465
0.000401
0.000468
0.000428
0.000506
0.000436
0.000724
0.000461
0.000419
0.000436
0.000481
0.000593
0.000547
0.000521
0.000465
0.000453
0.000457
0.000446
0.000499
0.000447
0.000440
0.000475
0.000390
0.000418
0.000418
0.000408
0.000403
0.000419
0.000446
0.000393
0.000472
0.000407
0.000506
0.000394
0.000524
0.000429
0.000469
0.000449
0.000403
0.000428
0.000440
0.000460
0.000632
0.000465
0.000533
0.000483
0.000628
0.000464
0.000531
0.000506
0.000483
0.000397
0.000467
0.000476
0.000481
0.000471
0.000417
0.000418
0.000438
0.000433
0.000433
0.000429
0.000494
0.000393
0.000496
0.000379
0.000561
0.000431
0.000479
0.000406
0.000451
0.000417
0.000475
0.000418
0.000608
0.000418
0.000418
0.000458
0.000579
0.000422
0.000503
0.000404
0.000472
0.000450
0.000449
0.000431
0.000476
0.000408
0.000438
0.000675
0.000550
0.000565
0.000489
0.000490
0.000442
0.000421
0.000479
0.000410
0.000519
0.000396
0.000453
0.000432
0.000581
0.000618
0.000483
0.000421
0.000419
0.000574
0.000489
0.000457
0.000643
0.000421
0.000475
0.000418
0.000488
0.000531
0.000469
0.000444
0.000431
0.000433
0.000403
0.000463
0.000442
0.000433
0.000497
0.001376
0.000457
0.000417
0.000453
0.000422
0.000451
0.000381
0.000474
0.000417
0.000419
0.000460
0.000432
0.000449
0.000436
0.000415
0.000425
0.000443
0.000519
0.000465
0.000482
0.000449
0.000472
0.000560
0.000443
0.000404
0.000410
0.000439
0.000410
0.000422
0.000421
0.000456
0.000539
0.000503
0.000492
0.000443
0.000456
0.000392
0.000492
0.000547
0.000481
0.000422
0.000446
0.000444
0.000433
0.000467
0.000574
0.000475
0.000583
0.000656
0.000510
0.000476
0.000485
0.000432
0.000458
0.000468
0.000424
0.000526
0.000463
0.000663
0.000440
0.000433
0.000506
0.000468
0.000633
0.000574
0.000447
0.001333
0.000515
0.000428
0.000453
0.000382
0.000664
0.000492
0.000482
0.000547
0.000493
0.000432
0.000450
0.000418
0.000406
0.000408
0.000396
0.000432
0.000424
0.001353
0.000442
0.000392
0.000501
0.000521
0.000442
0.000421
0.000478
0.000422
0.000436
0.000457
0.000408
0.000449
0.000490
0.000446
0.000461
0.000440
0.000503
0.000438
0.000504
0.000419
0.000439
0.000433
0.000599
0.000418
0.000563
0.000569
0.000547
0.000479
0.000457
0.000558
0.000535
0.000438
0.000467
0.000426
0.000460
0.000408
0.000435
0.000435
0.000561
0.000653
0.000431
0.000550
0.000482
0.000433
0.000503
0.000453
0.000643
0.000415
0.000453
0.000497
0.000444
0.000408
0.000433
0.000433
0.000428
0.000503
0.000458
0.000443
0.000451
0.000547
0.000513
0.000446
0.000640
0.000426
0.000539
0.000444
0.000450
0.000450
0.000504
0.000422
0.000447
0.000443
0.000468
0.000603
0.000400
0.000458
0.000475
0.000399
0.000658
0.000408
0.000463
0.000388
0.000590
0.000375
0.000476
0.000411
0.000421
0.000444
0.000399
0.000414
0.000407
0.000397
0.000406
0.000626
0.000589
0.000463
0.000488
0.000490
0.001426
0.000514
0.000585
0.000551
0.000478
0.000435
0.000440
0.000492
0.000446
0.001342
0.000431
0.000404
0.000496
0.000421
0.000522
0.000383
0.000957
0.000456
0.000654
0.000411
0.000444
0.000426
0.000433
0.000417
0.000406
0.000621
0.000399
0.000432
0.000469
0.000422
0.000653
0.000406
0.000449
0.000368
0.000526
0.000613
0.000500
0.000556
0.000511
0.000461
0.000399
0.000476
0.000479
0.000413
0.000513
0.000367
0.000496
0.000375
0.000463
0.000413
0.000440
0.000417
0.000456
0.000433
0.000386
0.000451
0.000531
0.000465
0.001386
0.000547
0.000468
0.000422
0.000497
0.000439
0.000425
0.000417
0.000572
0.000417
0.000415
0.000568
0.000443
0.000496
0.000578
0.000486
0.000439
0.000443
0.000638
0.000463
0.000426
0.000406
0.000618
0.000556
0.000614
0.000476
0.000606
0.000424
0.000471
0.000458
0.000514
0.000454
0.000618
0.000489
0.000489
0.000482
0.000663
0.000450
0.000646
0.000569
0.000554
0.000394
0.000440
0.000438
0.000606
0.000464
0.000458
0.001342
0.000451
0.000428
0.000463
0.000400
0.000621
0.000410
0.000503
0.000378
0.000543
0.000585
0.000704
0.000535
0.000435
0.000608
0.000465
0.000413
0.000415
0.000404
0.000436
0.000432
0.000464
0.000519
0.000436
0.000379
0.000483
0.000508
0.000436
0.000424
0.000864
0.000438
0.000485
0.000461
0.000426
0.000400
0.000569
0.000876
0.000479
0.000457
0.000592
0.000494
0.000506
0.000399
0.000504
0.000429
0.000475
0.000407
0.000415
0.000424
0.000485
0.000447
0.000446
0.000440
0.000561
0.000401
0.000472
0.000400
0.000444
0.000519
0.000633
0.000396
0.000492
0.000446
0.000464
0.000422
0.000611
0.000443
0.000438
0.000432
0.000483
0.000410
0.000486
0.000424
0.000488
0.000425
0.000471
0.000522
0.000475
0.000447
0.000399
0.000415
0.000400
0.000431
0.000365
0.000404
0.000467
